1) 324864
2) 13536
3) 27072
4) 1128
5) 
 011010000000000000000000000
   top       mid      bottom
[0, 1, 1] [0, 0, 0] [0, 0, 0]
[0, 1, 0] [0, 0, 0] [0, 0, 0]
[0, 0, 0] [0, 0, 0] [0, 0, 0]

 000110100000000000000000000
   top       mid      bottom
[0, 0, 0] [0, 0, 0] [0, 0, 0]
[1, 1, 0] [0, 0, 0] [0, 0, 0]
[1, 0, 0] [0, 0, 0] [0, 0, 0]

 000000000110100000000000000
   top       mid      bottom
[0, 0, 0] [1, 1, 0] [0, 0, 0]
[0, 0, 0] [1, 0, 0] [0, 0, 0]
[0, 0, 0] [0, 0, 0] [0, 0, 0]

 000000000000011010000000000
   top       mid      bottom
[0, 0, 0] [0, 0, 0] [0, 0, 0]
[0, 0, 0] [0, 1, 1] [0, 0, 0]
[0, 0, 0] [0, 1, 0] [0, 0, 0]

 000000000000000000011010000
   top       mid      bottom
[0, 0, 0] [0, 0, 0] [0, 1, 1]
[0, 0, 0] [0, 0, 0] [0, 1, 0]
[0, 0, 0] [0, 0, 0] [0, 0, 0]

 000000000000000000000110100
   top       mid      bottom
[0, 0, 0] [0, 0, 0] [0, 0, 0]
[0, 0, 0] [0, 0, 0] [1, 1, 0]
[0, 0, 0] [0, 0, 0] [1, 0, 0]

